  1.92673689  -1.63234635 
  3.75431033  -0.06106449 
  4.60768054   0.35835040 
 -3.30743726  -0.03505566 
 -3.15459903  -1.91627351 
 -2.81113722  -0.14822550 
 -2.08594294  -1.21816431 
 -4.03334976   0.02749476 
  1.77389866   0.24887150 
  4.15676655   0.14849098 
 -0.98428200   0.41566797 
  1.07074925  -0.98459593 
  0.70524257  -0.44923771 
  3.96044149   0.27818438 
 -1.80332010   1.80833209 
 -1.47404475   1.53544857 
  1.07074925  -0.98459593 
  0.90156763  -0.57893110 
  0.55079566  -1.98638040 
 -0.25908772  -0.65427084 
  1.56776750  -0.09037737 
  2.78082532  -0.20554307 
 -0.25908772  -0.65427084 
  2.29296179  -1.16031618 
 -0.98428200   0.41566797 
  2.05563104   0.86439574 
  1.56776750  -0.09037737 
 -1.28353876   1.40653280 
  0.38233226  -0.57332719 
 -1.48130026  -0.47855058 
 -4.47789871  -0.57933767 
 -0.06204444   0.22342415 
  5.09977247   0.07677506 
 -3.01726838  -0.48747437 
 -2.81767451  -1.15483626 
 -3.66712486   0.49952493 
  4.15676655   0.14849098 
 -2.25512455  -0.81249948 
 -4.99696183   0.82985002 
 -3.63017532   1.24443862 
  1.73694912  -0.49604219 
 -0.08990610  -1.05993566 
  0.19271674   1.96656074 
  1.26779253  -0.10690093 
  0.19182627  -0.44441142 
 -3.16101873   0.85529736 
  2.58378204  -1.08323806 
 -0.13019357   1.84247125 
 -3.47733709  -0.63677923 
 -3.67366216  -0.50708583 
  1.20879811   1.45159161 
  4.44758680   0.22556910 
 -2.81041900   0.85916289 
 -4.12801720  -1.58286052 
 -4.47789871  -0.57933767 
 -1.63413848   1.40266727 
  1.07146746   0.02279246 
 -3.83630648   0.90518975 
  4.44758680   0.22556910 
 -0.62459440  -0.11891262 
  4.44758680   0.22556910 
  3.96044149   0.27818438 
 -2.25512455  -0.81249948 
 -1.27516910  -0.13930171 
  0.19271674   1.96656074 
 -1.47404475   1.53544857 
  4.15676655   0.14849098 
  3.29424162  -0.21036936 
 -1.63413848   1.40266727 
  1.92745511  -0.62495796 
 -2.81113722  -0.14822550 
  3.96044149   0.27818438 
  0.74872940   1.30228675 
 -2.61409394   0.72946950 
 -0.25908772  -0.65427084 
  4.44758680   0.22556910 
 -0.61805710   0.88769814 
  1.26779253  -0.10690093 
 -0.25908772  -0.65427084 
 -1.28425698   0.39914441 
 -2.29207410  -1.55741318 
 -2.81113722  -0.14822550 
  4.60768054   0.35835040 
  0.91065551  -1.11737722 
  0.71177986   0.55737305 
  1.76736137  -0.75773926 
 -1.25545341  -3.28091320 
  1.92745511  -0.62495796 
 -1.47404475   1.53544857 
  0.90228585   0.42845729 
  3.96044149   0.27818438 
 -1.48130026  -0.47855058 
 -2.65104349  -0.01544420 
  1.92745511  -0.62495796 
 -1.48130026  -0.47855058 
  3.10373563  -0.08145359 
 -0.78723872   1.29336296 
 -1.44363249   1.27375150 
 -0.25836950   0.35311755 
 -2.44491232   0.32380467 
