  2.10272100   0.75822237 
  5.00416927   0.56608503 
  2.85010902   1.28155540 
  4.84018287   0.27407582 
  2.01931337   1.07646316 
  4.46820817   0.10404576 
  1.95436193   1.43134183 
  5.06054965   0.67246770 
  2.09909151   1.27231739 
  5.15713681   0.52639014 
  2.20464730   1.71930729 
  4.95596491   0.16179508 
  2.06472851   1.04658500 
  4.75747246   0.51269295 
  1.59592304   1.19623644 
  4.67825072   0.35775365 
  1.98715556   0.94870903 
  4.80211138   0.02240707 
  2.04571013   0.79212218 
  4.96486858   0.34538346 
  2.18434981   1.05399875 
  4.67498743   0.60278929 
  2.42416916   0.63539590 
  4.83663863   0.17329125 
  1.98524514   1.12704123 
  5.22304263   0.50562111 
  1.48449748   1.74268262 
  4.75997913   0.31147060 
  2.28239612   1.49750166 
  4.73031294   0.83167441 
  2.19147387   0.71844710 
  4.63729138   0.38522314 
  2.34628361   1.22718283 
  4.65902604   0.43439639 
  2.06915029   1.03625548 
  4.66949654   0.59843571 
  2.44267316   0.93052148 
  4.98000709  -0.06236047 
  2.39696369   1.09467882 
  4.46428123   0.67523817 
