  0.01000000   0.39676303   0.02683234
  0.01748744   0.48208600   0.03200343
  0.02497487   0.58297390   0.03588729
  0.03246231   0.71328334   0.03905228
  0.03994975   0.80964925   0.04173904
  0.04743719   0.81172611   0.04407579
  0.05492462   0.78841027   0.04614040
  0.06241206   0.81700393   0.04798435
  0.06989950   0.87868456   0.04964383
  0.07738693   0.88386039   0.05114547
  0.08487437   0.99553452   0.05250958
  0.09236181   0.91154004   0.05375209
  0.09984925   1.01611067   0.05488581
  0.10733668   0.89050074   0.05592126
  0.11482412   1.00373604   0.05686721
  0.12231156   1.13161163   0.05773109
  0.12979899   1.02670768   0.05851927
  0.13728643   1.05605496   0.05923727
  0.14477387   1.05739271   0.05988996
  0.15226131   1.00937640   0.06048161
  0.15974874   1.14785205   0.06101605
  0.16723618   1.10403927   0.06149672
  0.17472362   1.09505010   0.06192673
  0.18221106   1.24066950   0.06230890
  0.18969849   1.02610319   0.06264582
  0.19718593   1.20587756   0.06293987
  0.20467337   1.25343331   0.06319324
  0.21216080   1.14171152   0.06340798
  0.21964824   1.09967283   0.06358597
  0.22713568   1.26664963   0.06372898
  0.23462312   1.09952970   0.06383869
  0.24211055   1.17781258   0.06391664
  0.24959799   1.10047654   0.06396431
  0.25708543   1.28063680   0.06398309
  0.26457286   1.17505295   0.06397428
  0.27206030   1.20003751   0.06393915
  0.27954774   1.14236758   0.06387887
  0.28703518   1.26845838   0.06379457
  0.29452261   1.18551999   0.06368734
  0.30201005   1.15764419   0.06355819
  0.30949749   1.15948788   0.06340812
  0.31698492   1.11512024   0.06323807
  0.32447236   1.16154011   0.06304893
  0.33195980   1.11993439   0.06284159
  0.33944724   1.14526599   0.06261686
  0.34693467   1.33916136   0.06237556
  0.35442211   1.09343044   0.06211844
  0.36190955   1.07457840   0.06184626
  0.36939698   1.17074881   0.06155973
  0.37688442   1.07784651   0.06125954
  0.38437186   1.08067699   0.06094636
  0.39185930   0.94362585   0.06062081
  0.39934673   1.12811522   0.06028354
  0.40683417   1.00326692   0.05993512
  0.41432161   1.10103483   0.05957615
  0.42180905   1.10308615   0.05920718
  0.42929648   1.10462154   0.05882875
  0.43678392   1.03869733   0.05844138
  0.44427136   0.99025761   0.05804558
  0.45175879   1.06368847   0.05764184
  0.45924623   1.09330853   0.05723062
  0.46673367   0.95013090   0.05681239
  0.47422111   0.91006090   0.05638760
  0.48170854   0.94085047   0.05595666
  0.48919598   0.95294372   0.05551999
  0.49668342   1.07474887   0.05507799
  0.50417085   0.81978847   0.05463106
  0.51165829   0.95491718   0.05417956
  0.51914573   0.94084274   0.05372386
  0.52663317   0.91831624   0.05326432
  0.53412060   0.90001371   0.05280126
  0.54160804   0.87780598   0.05233502
  0.54909548   0.98742601   0.05186592
  0.55658291   0.93436333   0.05139426
  0.56407035   0.86040536   0.05092034
  0.57155779   0.85802793   0.05044445
  0.57904523   0.84863358   0.04996687
  0.58653266   0.90924836   0.04948786
  0.59402010   0.86032096   0.04900769
  0.60150754   0.86565483   0.04852659
  0.60899497   0.81394280   0.04804482
  0.61648241   0.78959019   0.04756261
  0.62396985   0.87974158   0.04708018
  0.63145729   0.80559725   0.04659774
  0.63894472   0.85313873   0.04611551
  0.64643216   0.81656656   0.04563369
  0.65391960   0.75111041   0.04515247
  0.66140704   0.83562501   0.04467204
  0.66889447   0.77491359   0.04419257
  0.67638191   0.79058299   0.04371424
  0.68386935   0.71043657   0.04323722
  0.69135678   0.73290563   0.04276166
  0.69884422   0.74318022   0.04228772
  0.70633166   0.72784355   0.04181554
  0.71381910   0.70695106   0.04134527
  0.72130653   0.66292287   0.04087704
  0.72879397   0.72448496   0.04041097
  0.73628141   0.65610628   0.03994720
  0.74376884   0.64750121   0.03948585
  0.75125628   0.64988990   0.03902701
  0.75874372   0.68908887   0.03857081
  0.76623116   0.67418852   0.03811734
  0.77371859   0.61665184   0.03766670
  0.78120603   0.63377706   0.03721899
  0.78869347   0.60125363   0.03677429
  0.79618090   0.57139354   0.03633269
  0.80366834   0.59026285   0.03589427
  0.81115578   0.62421510   0.03545910
  0.81864322   0.59184209   0.03502726
  0.82613065   0.57672460   0.03459881
  0.83361809   0.62879731   0.03417381
  0.84110553   0.51368271   0.03375233
  0.84859296   0.53126132   0.03333443
  0.85608040   0.51446470   0.03292014
  0.86356784   0.48851348   0.03250953
  0.87105528   0.56614221   0.03210263
  0.87854271   0.56300474   0.03169950
  0.88603015   0.49628039   0.03130016
  0.89351759   0.44579907   0.03090466
  0.90100503   0.53803413   0.03051303
  0.90849246   0.46253253   0.03012529
  0.91597990   0.51087653   0.02974149
  0.92346734   0.50402939   0.02936163
  0.93095477   0.46321396   0.02898574
  0.93844221   0.40419363   0.02861385
  0.94592965   0.45062260   0.02824596
  0.95341709   0.45585845   0.02788210
  0.96090452   0.48470836   0.02752227
  0.96839196   0.41950518   0.02716648
  0.97587940   0.41844329   0.02681475
  0.98336683   0.43556922   0.02646708
  0.99085427   0.40638827   0.02612347
  0.99834171   0.41696424   0.02578392
  1.00582915   0.43155505   0.02544844
  1.01331658   0.38786487   0.02511702
  1.02080402   0.40787822   0.02478965
  1.02829146   0.38129363   0.02446634
  1.03577889   0.36255902   0.02414707
  1.04326633   0.37337573   0.02383184
  1.05075377   0.34256894   0.02352064
  1.05824121   0.36966217   0.02321345
  1.06572864   0.33847168   0.02291027
  1.07321608   0.34729645   0.02261107
  1.08070352   0.28323731   0.02231584
  1.08819095   0.34273793   0.02202457
  1.09567839   0.29703251   0.02173724
  1.10316583   0.29297215   0.02145383
  1.11065327   0.31317814   0.02117431
  1.11814070   0.32780952   0.02089868
  1.12562814   0.32024110   0.02062689
  1.13311558   0.28979514   0.02035894
  1.14060302   0.30982738   0.02009480
  1.14809045   0.32472493   0.01983444
  1.15557789   0.26167382   0.01957784
  1.16306533   0.26638718   0.01932497
  1.17055276   0.24323018   0.01907581
  1.17804020   0.25098480   0.01883032
  1.18552764   0.23955069   0.01858848
  1.19301508   0.23219803   0.01835026
  1.20050251   0.27491901   0.01811563
  1.20798995   0.26023290   0.01788456
  1.21547739   0.21916441   0.01765701
  1.22296482   0.23092772   0.01743297
  1.23045226   0.25246277   0.01721239
  1.23793970   0.22926595   0.01699524
  1.24542714   0.24206739   0.01678150
  1.25291457   0.18827989   0.01657113
  1.26040201   0.21738509   0.01636409
  1.26788945   0.21629833   0.01616035
  1.27537688   0.19063121   0.01595989
  1.28286432   0.22383917   0.01576266
  1.29035176   0.20272621   0.01556863
  1.29783920   0.15736803   0.01537776
  1.30532663   0.16604023   0.01519003
  1.31281407   0.20232692   0.01500540
  1.32030151   0.18061776   0.01482383
  1.32778894   0.19432500   0.01464529
  1.33527638   0.17159541   0.01446974
  1.34276382   0.17602873   0.01429716
  1.35025126   0.14650355   0.01412749
  1.35773869   0.15525446   0.01396071
  1.36522613   0.15501883   0.01379679
  1.37271357   0.17183904   0.01363569
  1.38020101   0.14695495   0.01347736
  1.38768844   0.15165978   0.01332179
  1.39517588   0.14722778   0.01316893
  1.40266332   0.13558959   0.01301875
  1.41015075   0.15588967   0.01287121
  1.41763819   0.15610214   0.01272629
  1.42512563   0.13906777   0.01258393
  1.43261307   0.13971860   0.01244412
  1.44010050   0.13869110   0.01230681
  1.44758794   0.11162270   0.01217197
  1.45507538   0.13952026   0.01203957
  1.46256281   0.09823655   0.01190958
  1.47005025   0.10745139   0.01178195
  1.47753769   0.10999498   0.01165666
  1.48502513   0.11889225   0.01153368
  1.49251256   0.11569549   0.01141296
  1.50000000   0.10294193   0.01129448
