  0.83250199   0.83443652 
  0.11517627   0.36758571 
  0.28206092   0.77787440 
  0.43912322   0.92995221 
  0.83366917   0.86943568 
  0.06591560   0.39754428 
  0.24380981   0.76676836 
  0.41338582   0.92241459 
  0.82838641   0.86039125 
  0.08567174   0.40893128 
  0.26385068   0.80521964 
  0.47302842   0.86510286 
  0.82408367   0.87449258 
  0.09768106   0.38816544 
  0.27762544   0.80350590 
  0.44839026   0.92992298 
  0.84374158   0.86740781 
  0.11077691   0.40434300 
  0.23127766   0.79707446 
  0.42131448   0.87606476 
  0.80895378   0.85639533 
  0.09885138   0.40656992 
  0.27752730   0.80575338 
  0.42850300   0.90885468 
