  0.01000000   0.01447191   0.00590222
  0.02000000   0.00440284   0.00599787
  0.03000000   0.00186970   0.00615703
  0.04000000   0.01014482   0.00637932
  0.05000000   0.02253488   0.00666422
  0.06000000   0.02755644   0.00701102
  0.07000000   0.03121285   0.00741891
  0.08000000   0.04138324   0.00788692
  0.09000000   0.05072639   0.00841391
  0.10000000   0.05859181   0.00899865
  0.11000000   0.06407986   0.00963974
  0.12000000   0.08866026   0.01033565
  0.13000000   0.10177741   0.01108475
  0.14000000   0.11603353   0.01188526
  0.15000000   0.12425763   0.01273529
  0.16000000   0.14689267   0.01363286
  0.17000000   0.17291232   0.01457585
  0.18000000   0.23987344   0.01556207
  0.19000000   0.23037549   0.01658923
  0.20000000   0.25279514   0.01765495
  0.21000000   0.25952014   0.01875678
  0.22000000   0.28196820   0.01989217
  0.23000000   0.30175613   0.02105855
  0.24000000   0.31564768   0.02225325
  0.25000000   0.31883962   0.02347358
  0.26000000   0.40467472   0.02471679
  0.27000000   0.39014445   0.02598010
  0.28000000   0.39244796   0.02726070
  0.29000000   0.45415232   0.02855578
  0.30000000   0.48270811   0.02986248
  0.31000000   0.47626486   0.03117797
  0.32000000   0.54066888   0.03249941
  0.33000000   0.49485466   0.03382396
  0.34000000   0.55909358   0.03514882
  0.35000000   0.62285754   0.03647120
  0.36000000   0.68003981   0.03778833
  0.37000000   0.66133802   0.03909750
  0.38000000   0.75210920   0.04039605
  0.39000000   0.71159882   0.04168135
  0.40000000   0.71543314   0.04295083
  0.41000000   0.78183858   0.04420200
  0.42000000   0.78995512   0.04543243
  0.43000000   0.84078038   0.04663976
  0.44000000   0.78505670   0.04782172
  0.45000000   0.85429009   0.04897612
  0.46000000   0.85781687   0.05010086
  0.47000000   0.89588167   0.05119392
  0.48000000   0.86716711   0.05225340
  0.49000000   0.96254588   0.05327748
  0.50000000   0.96548473   0.05426446
  0.51000000   0.99467442   0.05521273
  0.52000000   0.93401705   0.05612080
  0.53000000   1.00692858   0.05698729
  0.54000000   1.00615160   0.05781092
  0.55000000   1.16281473   0.05859054
  0.56000000   1.11665129   0.05932510
  0.57000000   1.14343992   0.06001367
  0.58000000   1.07783078   0.06065544
  0.59000000   1.14225962   0.06124971
  0.60000000   1.12538511   0.06179589
  0.61000000   1.06570220   0.06229352
  0.62000000   1.21956985   0.06274222
  0.63000000   1.10908570   0.06314176
  0.64000000   1.01708813   0.06349200
  0.65000000   1.12382675   0.06379289
  0.66000000   1.16499936   0.06404453
  0.67000000   1.16590640   0.06424708
  0.68000000   1.06227295   0.06440082
  0.69000000   1.17060335   0.06450613
  0.70000000   1.23627380   0.06456348
  0.71000000   1.12413318   0.06457341
  0.72000000   1.16396025   0.06453659
  0.73000000   1.18693811   0.06445373
  0.74000000   1.01548341   0.06432565
  0.75000000   1.32517973   0.06415323
  0.76000000   1.18319364   0.06393743
  0.77000000   1.15891487   0.06367926
  0.78000000   1.15913950   0.06337983
  0.79000000   1.18550405   0.06304027
  0.80000000   1.08671688   0.06266178
  0.81000000   1.07078466   0.06224561
  0.82000000   1.10391609   0.06179306
  0.83000000   1.13072742   0.06130547
  0.84000000   1.00500960   0.06078421
  0.85000000   1.14612284   0.06023068
  0.86000000   1.04732539   0.05964632
  0.87000000   1.00788515   0.05903259
  0.88000000   1.00104760   0.05839096
  0.89000000   1.11913773   0.05772294
  0.90000000   0.99595305   0.05703001
  0.91000000   1.03629985   0.05631371
  0.92000000   0.91264288   0.05557553
  0.93000000   0.94161720   0.05481700
  0.94000000   0.97312373   0.05403963
  0.95000000   0.96151256   0.05324493
  0.96000000   1.01526039   0.05243438
  0.97000000   0.83874038   0.05160947
  0.98000000   0.95654667   0.05077166
  0.99000000   0.86299308   0.04992239
  1.00000000   0.82009725   0.04906308
  1.01000000   0.76648578   0.04819514
  1.02000000   0.84875101   0.04731992
  1.03000000   0.83175767   0.04643877
  1.04000000   0.85506736   0.04555298
  1.05000000   0.79703267   0.04466384
  1.06000000   0.74471288   0.04377258
  1.07000000   0.75287436   0.04288040
  1.08000000   0.68906494   0.04198845
  1.09000000   0.76864132   0.04109787
  1.10000000   0.79289531   0.04020972
  1.11000000   0.61724094   0.03932504
  1.12000000   0.69550553   0.03844484
  1.13000000   0.65087534   0.03757005
  1.14000000   0.65932700   0.03670159
  1.15000000   0.56050158   0.03584032
  1.16000000   0.65069525   0.03498705
  1.17000000   0.57354191   0.03414256
  1.18000000   0.55440905   0.03330757
  1.19000000   0.53862497   0.03248278
  1.20000000   0.50794755   0.03166881
  1.21000000   0.51237457   0.03086626
  1.22000000   0.54566512   0.03007569
  1.23000000   0.43763071   0.02929760
  1.24000000   0.41222900   0.02853246
  1.25000000   0.46888144   0.02778069
  1.26000000   0.38677376   0.02704267
  1.27000000   0.41820797   0.02631876
  1.28000000   0.34481226   0.02560925
  1.29000000   0.39521375   0.02491442
  1.30000000   0.32955290   0.02423448
  1.31000000   0.33924444   0.02356965
  1.32000000   0.35956030   0.02292008
  1.33000000   0.30593487   0.02228589
  1.34000000   0.29162684   0.02166719
  1.35000000   0.30818293   0.02106403
  1.36000000   0.31016656   0.02047646
  1.37000000   0.29203802   0.01990447
  1.38000000   0.24256460   0.01934806
  1.39000000   0.26714313   0.01880717
  1.40000000   0.24478453   0.01828174
  1.41000000   0.21976767   0.01777167
  1.42000000   0.22398813   0.01727685
  1.43000000   0.21263035   0.01679715
  1.44000000   0.19139977   0.01633241
  1.45000000   0.18164675   0.01588247
  1.46000000   0.18232486   0.01544713
  1.47000000   0.19171686   0.01502621
  1.48000000   0.16193250   0.01461947
  1.49000000   0.16380372   0.01422669
  1.50000000   0.15350550   0.01384764
  1.51000000   0.14171923   0.01348206
  1.52000000   0.13031015   0.01312969
  1.53000000   0.15079616   0.01279026
  1.54000000   0.13183137   0.01246351
  1.55000000   0.14750736   0.01214914
  1.56000000   0.12356129   0.01184687
  1.57000000   0.11698215   0.01155641
  1.58000000   0.12464474   0.01127746
  1.59000000   0.10475457   0.01100974
  1.60000000   0.10371970   0.01075292
  1.61000000   0.09084340   0.01050673
  1.62000000   0.07908505   0.01027084
  1.63000000   0.07895640   0.01004497
  1.64000000   0.07991546   0.00982881
  1.65000000   0.07164218   0.00962207
  1.66000000   0.06717067   0.00942443
  1.67000000   0.08388562   0.00923562
  1.68000000   0.07008028   0.00905534
  1.69000000   0.05718345   0.00888329
  1.70000000   0.04311541   0.00871920
  1.71000000   0.05279674   0.00856278
  1.72000000   0.06109893   0.00841376
  1.73000000   0.05739526   0.00827186
  1.74000000   0.04074396   0.00813683
  1.75000000   0.05128149   0.00800838
  1.76000000   0.04132724   0.00788628
  1.77000000   0.03435769   0.00777027
  1.78000000   0.03958742   0.00766010
  1.79000000   0.02703902   0.00755554
  1.80000000   0.03247127   0.00745636
  1.81000000   0.03137403   0.00736232
  1.82000000   0.04316250   0.00727322
  1.83000000   0.02976062   0.00718882
  1.84000000   0.01996942   0.00710894
  1.85000000   0.03452082   0.00703336
  1.86000000   0.01581360   0.00696189
  1.87000000   0.01178276   0.00689434
  1.88000000   0.02870299   0.00683054
  1.89000000   0.01629957   0.00677030
  1.90000000   0.00657760   0.00671345
  1.91000000   0.01903400   0.00665984
  1.92000000   0.01309688   0.00660930
  1.93000000   0.02022452   0.00656168
  1.94000000   0.01849140   0.00651683
  1.95000000   0.01313764   0.00647462
  1.96000000   0.01780889   0.00643491
  1.97000000   0.01102271   0.00639757
  1.98000000   0.00751830   0.00636248
  1.99000000   0.01962244   0.00632952
  2.00000000  -0.00067782   0.00629857
